Argonne  (85,139)  (69,126)  (100,155)  (85,123)  (101,129)  (62,110)  (116,148)  (116,164)  (100,171)  (78,107)  (121,180)  (57,94)  (73,91)  
Arzviller  (614,370)  (598,385)  (629,386)  (614,354)  (630,354)  (630,370)  (613,401)  (597,401)  (623,338)  (639,338)  (655,329)  (581,416)  (620,417)  (604,417)  (614,433)  (598,433)  
Austrian border region  (1558,60)  (1542,63)  (1542,47)  (1573,76)  (1558,44)  (1574,44)  (1574,60)  (1557,79)  (1589,76)  (1589,92)  (1573,92)  (1553,28)  (1569,28)  (1585,28)  (1590,44)  (1590,60)  (1601,17)  (1605,76)  (1605,92)  (1605,108)  (1589,108)  (1573,108)  (1562,12)  (1578,12)  (1606,33)  (1606,49)  (1594,1)  (1610,1)  (1617,17)  (1621,65)  (1621,81)  (1621,97)  (1621,113)  (1605,124)  (1589,124)  (1622,33)  (1622,49)  (1626,0)  (1626,129)  (1633,16)  (1637,65)  (1637,81)  (1637,97)  (1637,113)  (1610,140)  (1594,140)  (1638,32)  (1638,48)  (1639,145)  (1623,156)  (1607,156)  (1591,156)  (1639,161)  (1623,172)  (1607,172)  (1591,172)  (1639,177)  (1623,188)  (1607,188)  (1639,193)  (1623,204)  (1607,204)  (1639,209)  (1623,220)  (1607,220)  (1639,225)  (1623,236)  (1607,236)  (1639,241)  (1623,252)  (1639,257)  (1623,268)  (1639,273)  (1623,284)  (1639,289)  (1623,300)  (1639,305)  (1623,316)  (1639,321)  (1639,337)  
BELGIUM  (4,10)  (19,26)  (3,26)  (20,0)  (35,16)  (35,32)  (36,0)  (41,48)  (51,16)  (51,32)  (52,0)  (57,48)  (57,64)  (41,64)  (68,0)  (73,41)  (73,57)  
Baden Rhine territory  (922,459)  (936,475)  (938,451)  (952,467)  (968,470)  
Bar Le Duc  (48,196)  (32,211)  (32,195)  (63,212)  (48,180)  (64,180)  (64,196)  (30,179)  (47,227)  (16,199)  (79,212)  (79,228)  (63,228)  (46,164)  (62,164)  (80,188)  (14,183)  (14,167)  (30,163)  (2,151)  (95,204)  (95,220)  (95,236)  (79,244)  (63,244)  (46,148)  (18,147)  (0,135)  (111,209)  (34,132)  (16,131)  (0,119)  (32,116)  (16,115)  (0,103)  (32,100)  (16,99)  (0,87)  (0,71)  (0,55)  
Barr  (648,465)  (632,469)  (632,453)  (663,481)  (648,449)  (664,452)  (679,468)  
Beanscon  (296,532)  (311,548)  (305,516)  (312,532)  (328,527)  (328,543)  
Beanscon Canal Sector  (362,498)  (346,513)  (346,497)  (377,514)  (362,482)  (378,482)  (378,498)  (346,481)  (361,529)  (393,514)  (388,530)  (362,466)  (378,466)  (394,466)  (394,482)  (394,498)  (409,514)  (359,450)  (375,450)  (391,450)  (410,455)  (410,471)  (410,487)  (425,503)  (425,519)  (441,519)  
Bernstein  (1493,313)  (1477,302)  (1508,329)  (1493,297)  (1509,297)  (1509,313)  (1465,286)  (1524,329)  (1524,345)  (1481,281)  (1497,281)  (1513,281)  (1525,297)  (1525,313)  (1449,281)  (1465,270)  (1540,329)  (1540,345)  (1481,265)  (1541,309)  (1545,361)  (1556,325)  (1556,341)  (1561,357)  (1569,373)  (1572,327)  (1577,343)  (1585,359)  (1585,375)  (1593,334)  (1601,350)  (1601,366)  (1601,382)  (1617,356)  (1617,372)  (1617,388)  (1627,404)  (1633,374)  
Birkweller  (1037,105)  (1053,100)  (1069,95)  
Bitche  (698,276)  (682,291)  (713,292)  (694,260)  (710,260)  (714,276)  (726,248)  (729,292)  (695,244)  (730,264)  (745,280)  (745,296)  (746,254)  
Bobingen  (988,118)  (972,133)  (972,117)  (1003,134)  (1004,114)  (977,101)  (976,149)  (1019,130)  
Bourg  (69,730)  (53,745)  (53,729)  (84,746)  (69,714)  (85,714)  (85,730)  (51,713)  (68,761)  (52,761)  (37,745)  (37,729)  (100,746)  (100,762)  (84,762)  (36,762)  (67,698)  (83,698)  (101,707)  (101,723)  (35,713)  (35,697)  (51,697)  (68,777)  (52,777)  (21,746)  (21,730)  (116,739)  (116,755)  (116,771)  (100,778)  (84,778)  (36,778)  (20,778)  (20,762)  (117,719)  (19,714)  (19,698)  (125,787)  (68,793)  (52,793)  (5,746)  (5,730)  (132,735)  (132,751)  (132,767)  (109,794)  (93,794)  (36,794)  (20,794)  (4,794)  (4,778)  (4,762)  (3,714)  (3,698)  (141,783)  (141,799)  (125,803)  (77,809)  (61,809)  (148,728)  (148,744)  (148,760)  (109,810)  (93,810)  (45,810)  (29,810)  (13,810)  (145,815)  (129,819)  (77,825)  (61,825)  (164,733)  (113,826)  (97,826)  (45,826)  (29,826)  (13,826)  (145,831)  
Buchig  (1289,344)  (1286,328)  (1302,328)  (1305,344)  (1308,360)  (1318,315)  (1285,312)  (1301,312)  (1321,331)  (1324,347)  (1324,363)  (1317,299)  (1271,296)  (1287,296)  (1337,329)  (1303,283)  (1255,281)  
Busenbach  (1180,413)  (1193,429)  (1185,397)  (1196,413)  (1201,392)  (1209,429)  (1190,445)  (1212,408)  (1225,427)  
Central Alb  (1447,381)  (1431,396)  (1431,380)  (1462,397)  (1447,365)  (1463,365)  (1463,381)  (1429,364)  (1415,381)  (1478,397)  (1445,349)  (1461,349)  (1477,349)  (1479,365)  (1479,381)  (1413,365)  (1413,349)  (1429,348)  (1484,413)  (1494,397)  (1410,333)  (1445,333)  (1461,333)  (1495,353)  (1495,369)  (1426,332)  (1500,413)  (1510,385)  (1442,317)  (1458,317)  (1511,364)  (1417,316)  (1516,401)  (1516,417)  (1526,380)  (1433,301)  (1532,396)  (1532,412)  (1535,428)  (1548,393)  (1548,409)  (1551,425)  
Central Baden  (958,498)  (974,495)  (974,511)  (985,527)  (969,527)  
Central Border Region  (374,188)  (358,193)  (390,174)  (390,190)  (406,174)  (406,190)  (422,174)  (422,190)  (438,174)  (438,190)  (454,175)  (454,191)  (470,183)  
Central German terrtory  (1146,3)  (1161,19)  (1145,19)  (1162,0)  (1177,16)  (1177,32)  (1178,0)  (1193,16)  (1194,0)  (1209,16)  (1210,0)  (1225,16)  (1226,0)  (1242,0)  (1258,0)  
Central Rhine  (990,458)  (994,442)  (1006,458)  (1010,438)  (1022,454)  (1001,422)  (1017,422)  (1026,438)  (1038,454)  (1001,406)  
Central Rhone Canal  (322,442)  (306,457)  (306,441)  (330,458)  (322,426)  (338,426)  (304,425)  (314,473)  (298,473)  (290,457)  (290,441)  (288,425)  (289,409)  (324,489)  (308,489)  (292,489)  (282,505)  
Central Saar  (396,68)  (380,81)  (380,65)  (412,60)  (364,93)  (364,77)  (364,61)  (428,61)  (348,88)  (348,72)  (348,56)  
Central West Rhine  (838,392)  (849,376)  (854,392)  (865,368)  
Cernay  (539,558)  (548,574)  (532,574)  (555,548)  
Cernay Fields  (515,525)  (519,541)  (521,509)  (531,525)  (537,503)  
Champagnole  (428,722)  (412,737)  (443,738)  (439,706)  (444,722)  (455,695)  (427,753)  (460,711)  (471,690)  
Colmar  (624,525)  (639,541)  (623,509)  (639,509)  (640,525)  (656,518)  
Durlach  (1056,303)  (1062,287)  (1072,303)  (1072,319)  (1056,319)  (1078,280)  (1062,271)  (1088,296)  (1088,312)  (1076,335)  (1078,264)  (1094,264)  (1094,280)  (1104,296)  
East Baden Swiss border  (862,586)  (846,600)  (878,578)  (878,594)  (862,602)  (846,616)  (894,569)  (894,585)  
East Baden border  (1023,374)  (1038,390)  (1031,358)  (1039,374)  (1047,350)  (1054,390)  (1055,366)  (1070,382)  (1071,357)  (1086,373)  
East Buchig  (1360,360)  (1375,376)  (1357,344)  (1373,344)  (1376,360)  
East Central Saar  (406,100)  (390,101)  (422,88)  (422,104)  (438,82)  (438,98)  
East Comte  (384,664)  (368,679)  (368,663)  (399,680)  (384,648)  (400,648)  (400,664)  (366,647)  (383,695)  (367,695)  (415,680)  (415,696)  (399,696)  (382,632)  (416,661)  (350,636)  (366,631)  (383,711)  (367,711)  (431,677)  (404,712)  (358,615)  (374,615)  (388,727)  (372,727)  (382,743)  
East Frie fields  (915,505)  (902,489)  (918,489)  (931,508)  (936,524)  
East German Swiss border  (1595,494)  (1610,510)  (1580,478)  (1596,478)  (1611,494)  (1612,477)  (1626,510)  (1626,526)  (1610,526)  (1576,462)  (1592,462)  (1627,493)  (1608,461)  (1624,461)  (1628,477)  (1639,542)  (1623,542)  (1572,446)  (1588,446)  (1604,445)  (1620,445)  (1636,445)  (1639,558)  (1623,558)  (1571,430)  (1587,430)  (1603,429)  (1619,429)  (1639,574)  (1569,414)  (1585,414)  (1569,398)  
East Hagsfeld  (1258,321)  (1270,337)  (1254,337)  
East Heidenheim fields  (1346,195)  (1361,211)  (1345,211)  (1334,179)  (1350,179)  (1362,195)  (1366,175)  (1318,168)  (1377,211)  (1377,227)  (1334,163)  (1378,191)  (1302,165)  (1318,152)  (1393,207)  (1393,223)  (1394,184)  (1395,239)  (1409,210)  (1411,226)  (1411,242)  (1419,258)  (1427,227)  (1435,243)  (1451,242)  
East Itters fields  (1344,458)  (1358,474)  (1360,448)  (1374,464)  
East Langenalb  (1501,462)  (1485,477)  (1485,461)  (1516,478)  (1501,446)  (1517,446)  (1517,462)  (1484,445)  (1532,478)  (1532,494)  (1533,449)  (1548,465)  (1548,481)  (1548,497)  
East Lautere  (890,294)  (874,296)  (905,310)  (875,278)  (891,278)  (906,294)  (907,277)  (922,293)  (923,268)  (938,284)  (939,264)  (954,280)  
East North Border Region  (427,136)  (442,152)  (443,127)  (458,143)  (464,126)  (465,159)  (474,142)  
East Pfalz  (840,144)  (824,159)  (836,128)  (856,137)  
East Rodermarck  (303,182)  (287,191)  (287,175)  (303,166)  (319,172)  (319,188)  
East Saar  (522,80)  (506,92)  (506,76)  (538,71)  (490,103)  (490,87)  (490,71)  (554,70)  (474,109)  (474,93)  (474,77)  
East Swiss Rhine  (1019,558)  (1003,573)  (1003,557)  (1034,574)  (1019,542)  (1035,542)  (1035,558)  (1018,589)  (1002,589)  (987,573)  (987,557)  (986,590)  (991,606)  
East Swiss hills  (1158,559)  (1142,574)  (1142,558)  (1173,575)  (1158,543)  (1174,543)  (1174,559)  (1140,542)  (1157,590)  (1141,590)  (1126,574)  (1126,558)  (1189,575)  (1189,591)  (1173,591)  (1125,591)  (1156,527)  (1172,527)  (1190,528)  (1190,544)  (1124,542)  (1157,606)  (1110,575)  (1110,559)  (1205,560)  (1205,576)  (1205,592)  (1109,595)  (1206,530)  (1108,543)  (1108,527)  (1094,579)  (1094,563)  (1221,546)  (1221,562)  (1221,578)  (1222,530)  (1092,547)  (1092,531)  (1078,581)  (1078,565)  (1237,546)  (1237,562)  (1237,578)  (1076,549)  (1076,533)  (1253,552)  (1253,568)  (1060,538)  
East Wingen Moder  (557,273)  (568,257)  (573,273)  (563,289)  
East central France  (52,560)  (36,575)  (36,559)  (67,576)  (52,544)  (68,544)  (68,560)  (34,543)  (51,591)  (35,591)  (20,575)  (20,559)  (83,576)  (83,592)  (67,592)  (19,592)  (50,528)  (66,528)  (82,528)  (84,544)  (84,560)  (18,543)  (18,527)  (34,527)  (98,514)  (51,607)  (35,607)  (4,576)  (4,560)  (99,576)  (99,592)  (99,608)  (83,608)  (67,608)  (19,608)  (3,608)  (3,592)  (50,512)  (66,512)  (82,512)  (100,530)  (100,546)  (2,544)  (2,528)  (2,512)  (18,511)  (34,511)  (98,498)  (114,498)  (114,514)  (51,623)  (35,623)  (115,562)  (115,578)  (115,594)  (115,610)  (99,624)  (83,624)  (67,624)  (19,624)  (3,624)  (0,496)  (50,496)  (66,496)  (82,496)  (116,530)  (116,546)  (16,495)  (32,495)  (117,626)  (98,482)  (114,482)  (130,482)  (130,498)  (130,514)  (51,639)  (35,639)  (131,562)  (131,578)  (131,594)  (131,610)  (101,640)  (85,640)  (69,640)  (19,640)  (3,640)  (0,480)  (48,480)  (64,480)  (80,480)  (132,530)  (132,546)  (16,479)  (32,479)  (146,476)  (146,492)  (146,508)  (53,655)  (37,655)  (147,562)  (147,578)  (147,594)  (102,656)  (86,656)  (70,656)  (21,656)  (5,656)  (0,464)  (48,464)  (64,464)  (148,524)  (148,540)  (16,463)  (32,463)  (162,476)  (162,492)  (162,508)  (54,671)  (38,671)  (163,577)  (163,593)  (94,672)  (78,672)  (0,448)  (48,448)  (16,447)  (32,447)  (0,432)  (16,431)  (32,431)  (0,416)  (16,415)  (0,400)  
Eggenstein  (1049,234)  (1033,227)  (1065,234)  (1017,225)  
Essingen  (1118,104)  (1102,119)  (1102,103)  (1125,120)  (1123,88)  (1134,104)  (1139,83)  (1150,99)  (1155,80)  (1166,96)  
Ettlingen  (1115,395)  (1127,411)  (1131,383)  (1143,399)  (1143,415)  (1159,395)  (1159,411)  
Frieburg  (850,496)  (865,512)  (854,480)  (866,496)  (870,478)  (881,512)  (882,494)  (883,528)  (899,521)  (899,537)  (915,537)  
German Provinz area  (299,65)  (309,81)  (315,55)  (325,87)  
Grand Ballon  (434,464)  (446,480)  (450,458)  (432,448)  (462,474)  (462,490)  (472,506)  (478,481)  (488,497)  (488,513)  (494,481)  
Grotzingen  (1128,326)  (1112,341)  (1143,342)  (1127,310)  (1143,310)  (1144,326)  (1159,295)  (1159,342)  (1159,358)  (1143,358)  (1141,294)  (1160,311)  (1175,287)  (1175,327)  (1175,343)  (1175,359)  (1176,303)  (1174,375)  
Hagsfeld  (1216,334)  (1230,350)  (1214,350)  (1206,318)  (1222,318)  (1232,334)  (1238,309)  (1217,366)  (1209,302)  (1225,293)  
Hanhofen  (976,71)  (960,60)  (984,55)  (992,71)  (1000,51)  (1001,87)  (1008,67)  (1016,48)  (1017,83)  (1024,64)  (1032,47)  (1033,80)  (1040,63)  (1049,79)  (1056,59)  
Hassloch  (938,19)  (922,21)  (922,5)  (953,35)  (938,3)  (954,3)  (954,19)  (937,37)  (906,3)  (969,35)  (970,0)  (970,16)  (985,32)  (986,0)  (986,16)  (1002,19)  
Haut Koenigsburg  (526,436)  (541,452)  (525,452)  (530,420)  (542,436)  (546,416)  (548,468)  (532,468)  (558,432)  (558,448)  (537,400)  (553,400)  
Heidelburg  (924,152)  (939,168)  (923,168)  (922,136)  (938,136)  (940,152)  
Heidelburg Pfalz  (849,171)  (865,164)  (865,180)  (881,152)  (881,168)  (881,184)  
Heidenheim  (1281,217)  (1265,215)  (1296,233)  (1280,233)  (1281,201)  (1297,201)  (1297,217)  (1312,233)  (1286,185)  (1302,185)  (1313,201)  (1313,217)  
Herrisson  (368,805)  (383,821)  (367,821)  (367,789)  (383,789)  (384,805)  (351,825)  (399,774)  (400,790)  (416,779)  
Hohneck  (591,561)  (607,549)  (607,565)  (589,545)  (598,529)  
Inner German territory  (1309,36)  (1293,51)  (1293,35)  (1324,52)  (1309,20)  (1325,20)  (1325,36)  (1291,19)  (1308,67)  (1292,67)  (1277,51)  (1277,35)  (1340,52)  (1340,68)  (1324,68)  (1276,68)  (1307,4)  (1323,4)  (1339,4)  (1341,20)  (1341,36)  (1275,19)  (1355,0)  (1308,83)  (1292,83)  (1261,40)  (1356,52)  (1356,68)  (1356,84)  (1340,84)  (1324,84)  (1357,16)  (1357,32)  (1371,0)  (1372,48)  (1372,64)  (1372,80)  (1372,96)  (1356,100)  (1340,100)  (1324,100)  (1373,16)  (1373,32)  (1384,112)  (1387,0)  (1388,48)  (1388,64)  (1388,80)  (1388,96)  (1368,116)  (1352,116)  (1336,116)  (1389,16)  (1389,32)  (1400,112)  (1400,128)  (1384,128)  (1403,0)  (1404,48)  (1404,64)  (1404,80)  (1404,96)  (1368,132)  (1352,132)  (1405,16)  (1405,32)  (1416,112)  (1396,144)  (1419,0)  (1420,48)  (1420,64)  (1420,80)  (1420,96)  (1380,148)  (1421,16)  (1421,32)  (1435,0)  (1436,48)  (1436,64)  (1437,16)  (1437,32)  (1451,0)  (1452,48)  (1452,64)  (1453,16)  (1453,32)  (1467,0)  (1468,48)  (1469,16)  (1469,32)  (1483,0)  (1484,48)  (1485,16)  (1485,32)  (1499,0)  (1500,48)  (1501,16)  (1501,32)  (1515,0)  (1517,16)  (1517,32)  (1531,0)  
Ittersbach  (1259,474)  (1274,490)  (1258,490)  (1244,458)  (1260,458)  (1275,474)  (1276,457)  (1290,490)  (1263,506)  (1242,442)  (1258,442)  (1291,473)  (1274,441)  (1292,443)  (1307,459)  (1307,475)  (1323,468)  
Kaiserslautern  (761,101)  (745,116)  (745,100)  (776,117)  (761,85)  (777,85)  (777,101)  (743,84)  (760,132)  (792,117)  (792,133)  (776,133)  (759,69)  (775,69)  (791,69)  (793,85)  (793,101)  (807,69)  (808,117)  (809,85)  (809,101)  
LUXEMBOURG  (101,11)  (116,27)  (100,27)  (117,0)  (132,16)  (132,32)  (116,43)  (100,43)  (133,0)  (137,48)  (148,16)  (148,32)  (149,0)  (153,48)  (153,64)  (164,16)  (164,32)  (165,0)  (169,48)  (169,64)  (169,80)  (180,16)  (180,32)  (181,0)  (196,16)  (197,0)  
Langenalb  (1402,436)  (1386,424)  (1417,452)  (1401,452)  (1402,420)  (1418,420)  (1418,436)  (1385,408)  (1433,452)  (1433,468)  (1417,468)  (1401,468)  (1434,418)  (1434,434)  (1449,450)  (1449,466)  (1450,424)  (1465,440)  (1465,456)  (1465,472)  
Lauda  (1193,76)  (1208,92)  (1190,60)  (1206,60)  (1209,76)  (1222,47)  (1224,92)  (1202,44)  (1225,63)  (1238,47)  (1240,79)  (1241,63)  
Leidolsheim  (989,207)  (1005,200)  (1021,201)  (1037,206)  
Lembach  (756,342)  (768,358)  (752,358)  (761,326)  (772,342)  (777,325)  (765,309)  
Linkenheim  (1149,142)  (1133,141)  (1164,158)  (1165,127)  (1180,143)  (1181,119)  (1196,135)  (1197,115)  (1213,117)  
Longwy  (189,121)  (192,105)  (205,121)  (208,102)  (210,137)  (221,118)  (226,134)  
Lorraine to Alsace Road  (386,264)  (370,277)  (370,261)  (401,280)  (402,252)  (417,268)  (418,245)  (421,284)  (433,261)  (434,241)  (437,277)  (442,293)  (449,257)  (453,273)  (458,289)  (461,305)  (469,265)  (474,281)  (476,321)  (477,297)  (490,276)  (492,313)  (492,329)  (493,292)  (508,308)  (508,324)  (508,340)  (509,280)  (524,296)  (524,312)  (525,280)  
Lower Baden Rhine  (1016,514)  (1004,498)  (1020,498)  (1032,514)  (1036,494)  (1048,510)  (1047,478)  (1052,494)  (1063,470)  (1064,510)  
Lower Meuse  (175,273)  (159,288)  (159,272)  (190,289)  (175,257)  (191,257)  (191,273)  (157,256)  (143,291)  (143,275)  (206,289)  (206,305)  (190,305)  (173,241)  (207,250)  (207,266)  (141,259)  (141,243)  (157,240)  (132,227)  (222,282)  (222,298)  (222,314)  (223,251)  (125,254)  (148,224)  (232,330)  (238,267)  (238,283)  (238,299)  (248,315)  (248,331)  (254,264)  (254,280)  (254,296)  (264,312)  (264,328)  (264,344)  (280,326)  
Lower Mid Rhine  (680,627)  (695,643)  (679,643)  (685,611)  (696,627)  (701,606)  (711,643)  (712,622)  (728,625)  
Lower Mosel  (202,65)  (209,49)  (218,65)  (225,42)  (227,81)  (234,58)  (241,41)  (243,74)  (250,57)  (259,73)  (266,54)  (275,70)  
Lower Rhine  (800,364)  (784,375)  (808,380)  (806,348)  (816,364)  
Lower Saar  (570,111)  (554,121)  (554,105)  (574,95)  (586,111)  (538,122)  (538,106)  (522,121)  (506,120)  
Lower main Germany  (1443,170)  (1427,185)  (1427,169)  (1458,186)  (1443,154)  (1459,154)  (1459,170)  (1425,153)  (1442,201)  (1411,170)  (1474,186)  (1474,202)  (1458,202)  (1441,138)  (1457,138)  (1473,138)  (1475,154)  (1475,170)  (1489,124)  (1490,186)  (1490,202)  (1490,218)  (1474,218)  (1458,218)  (1440,122)  (1456,122)  (1472,122)  (1491,140)  (1491,156)  (1488,108)  (1504,108)  (1505,124)  (1506,172)  (1506,188)  (1506,204)  (1506,220)  (1490,234)  (1438,106)  (1454,106)  (1470,106)  (1507,140)  (1507,156)  (1508,236)  (1520,93)  (1486,92)  (1502,92)  (1521,109)  (1522,172)  (1522,188)  (1522,204)  (1522,220)  (1448,90)  (1464,90)  (1523,125)  (1523,141)  (1524,236)  (1524,252)  (1518,77)  (1536,89)  (1491,76)  (1537,105)  (1538,157)  (1538,173)  (1538,189)  (1538,205)  (1539,121)  (1539,137)  (1540,221)  (1540,237)  (1540,253)  (1541,269)  (1554,153)  (1554,169)  (1554,185)  (1554,201)  (1555,129)  (1556,217)  (1556,233)  (1556,249)  (1557,265)  (1557,281)  (1569,297)  (1570,171)  (1570,187)  (1572,203)  (1572,219)  (1572,235)  (1573,251)  (1573,267)  (1585,283)  (1585,299)  (1589,240)  (1589,256)  (1601,300)  
Luneville  (413,368)  (397,383)  (397,367)  (428,384)  (413,352)  (429,352)  (429,368)  (395,351)  (412,399)  (396,399)  (444,384)  (438,400)  (380,400)  (411,336)  (427,336)  (443,336)  (445,352)  (445,368)  (383,335)  (422,415)  (406,415)  (390,416)  (399,320)  (415,320)  (431,320)  (370,319)  (417,431)  (386,304)  (402,304)  (358,303)  
Main Rhine  (962,409)  (977,425)  (961,425)  (978,398)  
Main West Rhine  (907,374)  (891,389)  (891,373)  (922,390)  (923,361)  (938,377)  (939,358)  (954,374)  (955,351)  (970,335)  
Marlenheim  (651,408)  (666,424)  (667,394)  (682,410)  (682,426)  (683,393)  (699,388)  
Metz  (101,297)  (85,312)  (85,296)  (103,313)  (101,281)  (117,281)  (117,297)  (83,280)  (99,265)  
Mid Comte  (226,643)  (210,658)  (210,642)  (241,659)  (226,627)  (242,627)  (242,643)  (208,626)  (225,674)  (209,674)  (194,658)  (194,642)  (257,659)  (257,675)  (241,675)  (193,675)  (224,611)  (240,611)  (256,611)  (258,627)  (258,643)  (192,626)  (192,610)  (208,610)  (225,690)  (209,690)  (178,659)  (178,643)  (273,659)  (273,675)  (273,691)  (257,691)  (241,691)  (193,691)  (177,691)  (177,675)  (224,595)  (274,620)  (274,636)  (176,627)  (196,594)  (217,706)  (162,659)  (162,643)  (289,652)  (289,668)  (289,684)  (201,707)  (185,707)  (169,707)  (161,691)  (161,675)  (290,630)  (160,627)  (153,708)  (146,659)  (146,643)  (305,646)  (305,662)  (305,678)  (305,694)  (145,692)  (145,676)  (130,660)  (321,635)  (321,651)  (321,667)  (321,683)  (129,700)  (129,684)  (337,657)  (337,673)  (337,689)  (113,689)  
Mid Region Fields  (358,225)  (342,240)  (342,224)  (374,214)  (374,230)  (390,214)  (390,230)  (406,214)  (422,222)  
Mid Rhine  (723,565)  (738,581)  (722,581)  (730,549)  (739,565)  (746,542)  (754,581)  (754,597)  (738,597)  
Middle French Meuse  (168,186)  (152,199)  (152,183)  (183,202)  (168,170)  (184,170)  (184,186)  (148,167)  (199,202)  (199,218)  (183,218)  (164,154)  (180,154)  (196,154)  (200,170)  (200,186)  (215,202)  (215,218)  (221,234)  (231,209)  (237,225)  
Morteau  (521,686)  (531,670)  (536,702)  (537,686)  (547,658)  (541,718)  (553,674)  (553,690)  (563,653)  
Mousson  (304,286)  (288,293)  (288,277)  (319,302)  (304,270)  (320,270)  (320,286)  (303,309)  (278,261)  (335,302)  (336,261)  (336,277)  
Mulhouse  (638,581)  (622,596)  (653,597)  (630,565)  (646,565)  (654,581)  (662,557)  (637,612)  (621,612)  (657,613)  (670,573)  (670,589)  (672,541)  (678,557)  (686,573)  (688,531)  (694,547)  (677,515)  
Munster  (582,485)  (566,500)  (566,484)  (597,501)  (582,469)  (598,469)  (598,485)  (579,516)  (563,516)  (614,482)  
Nancy  (343,375)  (327,390)  (327,374)  (358,391)  (343,359)  (359,359)  (359,375)  (325,358)  (311,398)  (311,382)  (341,343)  (357,343)  (309,366)  (309,350)  (325,342)  (308,334)  (341,327)  (293,377)  (293,361)  (324,326)  
North Baden Lorraine Provinz  (756,470)  (771,486)  (772,456)  (787,472)  (787,488)  (803,467)  (803,483)  (808,499)  
North Comte  (217,461)  (201,476)  (201,460)  (232,477)  (217,445)  (233,445)  (233,461)  (199,444)  (216,492)  (200,492)  (248,477)  (248,493)  (232,493)  (215,429)  (231,429)  (247,429)  (249,445)  (249,461)  (190,428)  (263,423)  (216,508)  (200,508)  (264,477)  (253,509)  (237,509)  (265,439)  (265,455)  (184,522)  (221,524)  (205,524)  (189,538)  (223,540)  (207,540)  (191,554)  (217,556)  (201,570)  
North East Pfalz  (865,69)  (849,84)  (849,68)  (880,85)  (865,53)  (881,53)  (881,69)  (864,100)  (848,100)  (896,85)  (862,37)  (878,37)  (894,37)  (897,53)  (897,69)  (871,116)  (881,21)  (913,46)  (913,62)  
North Frie fields  (896,428)  (880,443)  (905,444)  (912,416)  (921,432)  (888,459)  (928,412)  
North Heidenheim fields  (1190,180)  (1205,196)  (1189,196)  (1206,164)  (1206,180)  (1221,196)  (1221,212)  (1222,149)  (1222,165)  (1232,133)  (1237,181)  (1237,197)  (1238,149)  (1238,165)  (1248,122)  (1253,181)  (1254,138)  (1254,154)  (1254,106)  (1264,122)  (1269,170)  (1270,100)  (1270,138)  (1270,154)  (1280,116)  (1286,132)  (1286,148)  (1296,110)  (1302,126)  
North Lautere  (835,272)  (851,263)  (851,279)  
North Pfalz  (811,22)  (795,37)  (795,21)  (826,38)  (811,6)  (827,6)  (827,22)  (793,5)  (779,38)  (779,22)  (842,38)  (824,54)  (843,0)  (843,16)  (777,6)  (763,38)  (763,22)  (859,0)  (761,6)  
North West Pfalz  (705,44)  (720,26)  (721,42)  (736,22)  (737,38)  
Northwest Comte  (45,372)  (29,387)  (29,371)  (60,388)  (45,356)  (61,356)  (61,372)  (27,355)  (44,403)  (13,380)  (76,388)  (76,404)  (60,404)  (43,340)  (59,340)  (75,340)  (77,356)  (77,372)  (11,364)  (11,348)  (27,339)  (4,332)  (91,333)  (92,388)  (92,404)  (92,420)  (76,420)  (60,420)  (43,324)  (59,324)  (93,349)  (93,365)  (20,323)  (0,316)  (108,381)  (108,397)  (108,413)  (108,429)  (92,436)  (76,436)  (36,308)  (52,308)  (109,343)  (109,359)  (16,307)  (0,300)  (117,445)  (124,375)  (124,391)  (124,407)  (124,423)  (101,452)  (32,292)  (48,292)  (125,355)  (16,291)  (0,284)  (133,439)  (133,455)  (117,461)  (140,371)  (140,387)  (140,403)  (140,419)  (32,276)  (48,276)  (16,275)  (0,268)  (149,435)  (149,451)  (156,384)  (156,400)  (156,416)  (32,260)  (16,259)  (0,252)  (165,432)  (165,448)  (172,402)  (16,243)  (0,236)  (0,220)  
Ornans  (429,586)  (413,601)  (413,585)  (444,602)  (429,570)  (445,570)  (445,586)  (411,569)  (428,617)  (412,617)  (397,601)  (397,585)  (460,602)  (460,618)  (444,618)  (427,554)  (443,554)  (461,562)  (461,578)  (395,569)  (395,553)  (411,553)  (428,633)  (459,634)  (379,583)  (379,567)  (379,551)  (443,649)  (363,566)  (363,550)  (347,555)  
Pfalz border area  (787,248)  (803,236)  (803,252)  (819,229)  (819,245)  
Pfalz fields  (828,206)  (844,197)  (844,213)  (860,203)  
Pfalz lowlands  (603,82)  (618,98)  (619,71)  (634,87)  (634,103)  (618,114)  (635,71)  (639,119)  (650,87)  (650,103)  (651,71)  (655,119)  
Pflinz  (1120,247)  (1135,263)  (1114,231)  (1130,231)  (1136,247)  (1146,223)  (1152,239)  (1152,255)  (1162,223)  
Pflinz road  (1119,172)  (1134,188)  (1111,156)  (1135,168)  (1150,184)  (1150,200)  
Phalsbourg  (580,323)  (595,339)  (579,339)  (578,307)  (594,307)  (596,323)  (610,298)  (587,355)  (612,314)  (628,303)  
Pirmasens  (724,213)  (739,229)  (719,197)  (740,200)  (755,216)  (755,232)  (771,209)  (771,225)  (787,216)  
Pontarlier  (467,750)  (482,734)  (483,750)  (483,766)  (467,766)  (451,775)  (491,718)  (498,734)  (499,750)  (481,782)  (514,725)  (515,741)  
Provinz Border  (256,113)  (271,129)  (255,129)  (272,99)  (287,115)  (287,131)  (271,145)  (288,99)  (289,147)  
Rhine fields  (1059,431)  (1074,447)  (1067,415)  (1075,431)  (1083,407)  (1091,423)  (1091,439)  
Rhone Rhine Link  (556,617)  (571,633)  (555,601)  (571,601)  (572,617)  (587,587)  (587,633)  (567,585)  (588,603)  
Rodermarck  (233,167)  (248,183)  (249,161)  (264,183)  
Roll  (1102,61)  (1086,76)  (1086,60)  (1102,45)  (1118,45)  (1118,61)  (1105,29)  (1121,29)  (1134,45)  (1134,61)  (1150,48)  (1166,54)  
Romeberg  (1055,144)  (1039,155)  (1063,128)  
Rossel  (504,149)  (519,165)  (520,138)  (535,173)  
Russheim  (1055,188)  (1039,185)  (1070,204)  (1055,172)  (1071,172)  (1071,188)  (1086,204)  (1086,220)  (1081,156)  (1087,172)  (1087,188)  (1102,204)  
SWITZERLAND  (863,775)  (847,790)  (847,774)  (878,791)  (863,759)  (879,759)  (879,775)  (845,758)  (862,806)  (846,806)  (831,790)  (831,774)  (894,791)  (894,807)  (878,807)  (830,807)  (861,743)  (877,743)  (893,743)  (895,759)  (895,775)  (829,758)  (829,742)  (845,742)  (909,729)  (862,822)  (846,822)  (815,791)  (815,775)  (910,791)  (910,807)  (910,823)  (894,823)  (878,823)  (830,823)  (814,823)  (814,807)  (861,727)  (877,727)  (893,727)  (911,745)  (911,761)  (813,759)  (813,743)  (813,727)  (829,726)  (845,726)  (909,713)  (925,713)  (925,729)  (799,791)  (799,775)  (926,777)  (926,793)  (926,809)  (926,825)  (798,834)  (798,818)  (798,711)  (861,711)  (877,711)  (893,711)  (927,745)  (927,761)  (797,759)  (797,743)  (797,727)  (814,710)  (830,710)  (909,697)  (925,697)  (941,697)  (941,713)  (941,729)  (783,802)  (783,786)  (942,777)  (942,793)  (942,809)  (942,825)  (782,834)  (782,818)  (782,711)  (782,695)  (798,695)  (846,695)  (862,695)  (878,695)  (943,745)  (943,761)  (781,770)  (781,754)  (781,738)  (814,694)  (830,694)  (894,681)  (910,681)  (926,681)  (942,681)  (957,697)  (957,713)  (957,729)  (767,802)  (767,786)  (958,680)  (958,777)  (958,793)  (958,809)  (958,825)  (766,834)  (766,818)  (766,722)  (766,706)  (766,690)  (782,679)  (798,679)  (846,679)  (862,679)  (878,679)  (959,745)  (959,761)  (765,770)  (765,754)  (765,738)  (814,678)  (830,678)  (761,674)  (894,665)  (910,665)  (926,665)  (942,665)  (973,696)  (973,712)  (973,728)  (751,802)  (751,786)  (958,664)  (974,664)  (974,680)  (974,777)  (974,793)  (974,809)  (974,825)  (750,834)  (750,818)  (750,722)  (750,706)  (750,690)  (777,663)  (793,663)  (846,663)  (862,663)  (878,663)  (975,744)  (975,760)  (749,770)  (749,754)  (749,738)  (809,662)  (825,662)  (745,674)  (745,658)  (761,658)  (894,649)  (910,649)  (926,649)  (942,649)  (989,696)  (989,712)  (989,728)  (735,802)  (735,786)  (958,648)  (974,648)  (990,648)  (990,664)  (990,680)  (990,776)  (990,792)  (990,808)  (990,824)  (734,834)  (734,818)  (734,722)  (734,706)  (734,690)  (777,647)  (793,647)  (841,647)  (857,647)  (873,647)  (991,744)  (991,760)  (733,770)  (733,754)  (733,738)  (809,646)  (825,646)  (729,674)  (744,642)  (760,642)  (889,633)  (905,633)  (921,633)  (937,633)  (1005,696)  (1005,712)  (1005,728)  (719,802)  (719,786)  (953,632)  (969,632)  (985,632)  (1001,632)  (1006,648)  (1006,664)  (1006,680)  (1006,776)  (1006,792)  (1006,808)  (1006,824)  (718,834)  (718,818)  (718,722)  (718,706)  (718,690)  (776,631)  (792,631)  (1007,744)  (1007,760)  (717,770)  (717,754)  (717,738)  (808,630)  (713,674)  (1017,621)  (901,617)  (917,617)  (933,617)  (1021,696)  (1021,712)  (1021,728)  (703,802)  (703,786)  (1022,637)  (1022,653)  (1022,669)  (1022,776)  (1022,792)  (1022,808)  (1022,824)  (702,834)  (702,818)  (702,722)  (702,706)  (702,690)  (1023,744)  (1023,760)  (701,770)  (701,754)  (701,738)  (697,674)  (1033,609)  (1037,685)  (1037,701)  (1037,717)  (687,802)  (687,786)  (1038,625)  (1038,641)  (1038,657)  (1038,776)  (1038,792)  (1038,808)  (1038,824)  (686,834)  (686,818)  (686,722)  (686,706)  (686,690)  (1039,733)  (1039,749)  (685,770)  (685,754)  (685,738)  (681,674)  (1049,597)  (1053,673)  (1053,689)  (1053,705)  (671,802)  (671,786)  (1054,613)  (1054,629)  (1054,645)  (1054,765)  (1054,781)  (1054,797)  (1054,813)  (1054,829)  (670,834)  (670,818)  (670,722)  (670,706)  (670,690)  (1055,721)  (1055,737)  (669,770)  (669,754)  (669,738)  (665,674)  (657,658)  (1069,661)  (1069,677)  (1069,693)  (655,802)  (655,786)  (1070,603)  (1070,619)  (1070,635)  (1070,753)  (1070,769)  (1070,785)  (1070,801)  (1070,817)  (1070,833)  (654,834)  (654,818)  (654,722)  (654,706)  (654,690)  (1071,709)  (1071,725)  (653,770)  (653,754)  (653,738)  (650,642)  (649,674)  (641,658)  (1085,651)  (1085,667)  (1085,683)  (639,802)  (639,786)  (1086,609)  (1086,625)  (1086,741)  (1086,757)  (1086,773)  (1086,789)  (1086,805)  (1086,821)  (638,834)  (638,818)  (638,722)  (638,706)  (638,690)  (1087,699)  (1087,715)  (637,770)  (637,754)  (637,738)  (634,642)  (1101,641)  (1101,657)  (1101,673)  (623,802)  (623,786)  (1102,614)  (1102,731)  (1102,747)  (1102,763)  (1102,779)  (1102,795)  (1102,811)  (1102,827)  (622,834)  (622,818)  (1103,689)  (1103,705)  (621,770)  (621,754)  (618,654)  (618,638)  (1117,630)  (1117,646)  (1117,662)  (607,802)  (607,786)  (1118,721)  (1118,737)  (1118,753)  (1118,769)  (1118,785)  (1118,801)  (1118,817)  (1118,833)  (606,834)  (606,818)  (1119,678)  (1119,694)  (605,770)  (605,754)  (1133,620)  (1133,636)  (1133,652)  (591,802)  (591,786)  (1134,710)  (1134,726)  (1134,742)  (1134,758)  (1134,774)  (1134,790)  (1134,806)  (1134,822)  (590,834)  (590,818)  (1135,668)  (1135,684)  (589,770)  (1149,624)  (1149,640)  (575,802)  (1150,700)  (1150,716)  (1150,732)  (1150,748)  (1150,764)  (1150,780)  (1150,796)  (1150,812)  (1150,828)  (574,834)  (574,818)  (1151,656)  (1151,672)  (1165,625)  (1166,688)  (1166,704)  (1166,720)  (1166,736)  (1166,752)  (1166,768)  (1166,784)  (1166,800)  (1166,816)  (1166,832)  (558,834)  (558,818)  (1167,641)  (1167,657)  (1181,625)  (1182,673)  (1182,689)  (1182,705)  (1182,721)  (1182,737)  (1182,753)  (1182,769)  (1182,785)  (1182,801)  (1182,817)  (1182,833)  (542,834)  (1183,641)  (1183,657)  (1197,621)  (1198,673)  (1198,689)  (1198,705)  (1198,721)  (1198,737)  (1198,753)  (1198,769)  (1198,785)  (1198,801)  (1198,817)  (1198,833)  (1199,637)  (1199,653)  (1213,617)  (1214,669)  (1214,685)  (1214,701)  (1214,717)  (1214,733)  (1214,749)  (1214,765)  (1214,781)  (1214,797)  (1214,813)  (1214,829)  (1215,633)  (1215,649)  (1229,610)  (1230,665)  (1230,681)  (1230,697)  (1230,713)  (1230,729)  (1230,745)  (1230,761)  (1230,777)  (1230,793)  (1230,809)  (1230,825)  (1231,626)  (1231,642)  (1245,602)  (1246,658)  (1246,674)  (1246,690)  (1246,706)  (1246,722)  (1246,738)  (1246,754)  (1246,770)  (1246,786)  (1246,802)  (1246,818)  (1246,834)  (1247,618)  (1247,634)  (1261,592)  (1262,650)  (1262,666)  (1262,682)  (1262,698)  (1262,714)  (1262,730)  (1262,746)  (1262,762)  (1262,778)  (1262,794)  (1262,810)  (1262,826)  (1263,608)  (1263,624)  (1277,587)  (1278,640)  (1278,656)  (1278,672)  (1278,688)  (1278,704)  (1278,720)  (1278,736)  (1278,752)  (1278,768)  (1278,784)  (1278,800)  (1278,816)  (1278,832)  (1279,603)  (1279,619)  (1293,581)  (1294,635)  (1294,651)  (1294,667)  (1294,683)  (1294,699)  (1294,715)  (1294,731)  (1294,747)  (1294,763)  (1294,779)  (1294,795)  (1294,811)  (1294,827)  (1295,597)  (1295,613)  (1309,578)  (1310,629)  (1310,645)  (1310,661)  (1310,677)  (1310,693)  (1310,709)  (1310,725)  (1310,741)  (1310,757)  (1310,773)  (1310,789)  (1310,805)  (1310,821)  (1311,594)  (1311,610)  (1326,626)  (1326,642)  (1326,658)  (1326,674)  (1326,690)  (1326,706)  (1326,722)  (1326,738)  (1326,754)  (1326,770)  (1326,786)  (1326,802)  (1326,818)  (1326,834)  (1327,586)  (1327,602)  (1342,618)  (1342,634)  (1342,650)  (1342,666)  (1342,682)  (1342,698)  (1342,714)  (1342,730)  (1342,746)  (1342,762)  (1342,778)  (1342,794)  (1342,810)  (1342,826)  (1343,591)  (1358,607)  (1358,623)  (1358,639)  (1358,655)  (1358,671)  (1358,687)  (1358,703)  (1358,719)  (1358,735)  (1358,751)  (1358,767)  (1358,783)  (1358,799)  (1358,815)  (1358,831)  (1359,502)  (1367,518)  (1374,599)  (1374,615)  (1374,631)  (1374,647)  (1374,663)  (1374,679)  (1374,695)  (1374,711)  (1374,727)  (1374,743)  (1374,759)  (1374,775)  (1374,791)  (1374,807)  (1374,823)  (1375,498)  (1383,514)  (1385,530)  (1390,599)  (1390,615)  (1390,631)  (1390,647)  (1390,663)  (1390,679)  (1390,695)  (1390,711)  (1390,727)  (1390,743)  (1390,759)  (1390,775)  (1390,791)  (1390,807)  (1390,823)  (1391,495)  (1399,511)  (1401,527)  (1401,543)  (1404,572)  (1406,588)  (1406,604)  (1406,620)  (1406,636)  (1406,652)  (1406,668)  (1406,684)  (1406,700)  (1406,716)  (1406,732)  (1406,748)  (1406,764)  (1406,780)  (1406,796)  (1406,812)  (1406,828)  (1407,494)  (1415,510)  (1417,526)  (1417,542)  (1420,558)  (1422,574)  (1422,590)  (1422,606)  (1422,622)  (1422,638)  (1422,654)  (1422,670)  (1422,686)  (1422,702)  (1422,718)  (1422,734)  (1422,750)  (1422,766)  (1422,782)  (1422,798)  (1422,814)  (1422,830)  (1431,496)  (1433,512)  (1433,528)  (1436,544)  (1438,560)  (1438,576)  (1438,592)  (1438,608)  (1438,624)  (1438,640)  (1438,656)  (1438,672)  (1438,688)  (1438,704)  (1438,720)  (1438,736)  (1438,752)  (1438,768)  (1438,784)  (1438,800)  (1438,816)  (1438,832)  (1447,496)  (1449,512)  (1449,528)  (1452,544)  (1454,560)  (1454,576)  (1454,592)  (1454,608)  (1454,624)  (1454,640)  (1454,656)  (1454,672)  (1454,688)  (1454,704)  (1454,720)  (1454,736)  (1454,752)  (1454,768)  (1454,784)  (1454,800)  (1454,816)  (1454,832)  (1465,497)  (1465,513)  (1468,529)  (1470,545)  (1470,561)  (1470,577)  (1470,593)  (1470,609)  (1470,625)  (1470,641)  (1470,657)  (1470,673)  (1470,689)  (1470,705)  (1470,721)  (1470,737)  (1470,753)  (1470,769)  (1470,785)  (1470,801)  (1470,817)  (1470,833)  (1481,500)  (1484,516)  (1486,532)  (1486,548)  (1486,564)  (1486,580)  (1486,596)  (1486,612)  (1486,628)  (1486,644)  (1486,660)  (1486,676)  (1486,692)  (1486,708)  (1486,724)  (1486,740)  (1486,756)  (1486,772)  (1486,788)  (1486,804)  (1486,820)  (1500,506)  (1502,522)  (1502,538)  (1502,554)  (1502,570)  (1502,586)  (1502,602)  (1502,618)  (1502,634)  (1502,650)  (1502,666)  (1502,682)  (1502,698)  (1502,714)  (1502,730)  (1502,746)  (1502,762)  (1502,778)  (1502,794)  (1502,810)  (1502,826)  (1518,511)  (1518,527)  (1518,543)  (1518,559)  (1518,575)  (1518,591)  (1518,607)  (1518,623)  (1518,639)  (1518,655)  (1518,671)  (1518,687)  (1518,703)  (1518,719)  (1518,735)  (1518,751)  (1518,767)  (1518,783)  (1518,799)  (1518,815)  (1518,831)  (1534,516)  (1534,532)  (1534,548)  (1534,564)  (1534,580)  (1534,596)  (1534,612)  (1534,628)  (1534,644)  (1534,660)  (1534,676)  (1534,692)  (1534,708)  (1534,724)  (1534,740)  (1534,756)  (1534,772)  (1534,788)  (1534,804)  (1534,820)  (1550,516)  (1550,532)  (1550,548)  (1550,564)  (1550,580)  (1550,596)  (1550,612)  (1550,628)  (1550,644)  (1550,660)  (1550,676)  (1550,692)  (1550,708)  (1550,724)  (1550,740)  (1550,756)  (1550,772)  (1550,788)  (1550,804)  (1550,820)  (1566,515)  (1566,531)  (1566,547)  (1566,563)  (1566,579)  (1566,595)  (1566,611)  (1566,627)  (1566,643)  (1566,659)  (1566,675)  (1566,691)  (1566,707)  (1566,723)  (1566,739)  (1566,755)  (1566,771)  (1566,787)  (1566,803)  (1566,819)  (1582,523)  (1582,539)  (1582,555)  (1582,571)  (1582,587)  (1582,603)  (1582,619)  (1582,635)  (1582,651)  (1582,667)  (1582,683)  (1582,699)  (1582,715)  (1582,731)  (1582,747)  (1582,763)  (1582,779)  (1582,795)  (1582,811)  (1582,827)  (1598,577)  (1598,593)  (1598,609)  (1598,625)  (1598,641)  (1598,657)  (1598,673)  (1598,689)  (1598,705)  (1598,721)  (1598,737)  (1598,753)  (1598,769)  (1598,785)  (1598,801)  (1598,817)  (1598,833)  (1614,594)  (1614,610)  (1614,626)  (1614,642)  (1614,658)  (1614,674)  (1614,690)  (1614,706)  (1614,722)  (1614,738)  (1614,754)  (1614,770)  (1614,786)  (1614,802)  (1614,818)  (1614,834)  (1630,614)  (1630,630)  (1630,646)  (1630,662)  (1630,678)  (1630,694)  (1630,710)  (1630,726)  (1630,742)  (1630,758)  (1630,774)  (1630,790)  (1630,806)  (1630,822)  
Saar Pir Road  (649,151)  (665,152)  (633,145)  (670,168)  (682,184)  (617,144)  (686,166)  (698,182)  (693,200)  
Saarbrucken  (558,148)  (556,164)  (574,138)  (574,154)  (590,134)  
Salins  (497,638)  (481,653)  (481,637)  (512,654)  (497,622)  (513,622)  (513,638)  (496,669)  (522,606)  (529,622)  
Sarregemuines  (598,184)  (582,199)  (582,183)  (613,200)  (598,168)  (614,168)  (614,184)  (597,215)  (581,215)  (566,199)  (566,183)  (629,200)  (629,216)  (613,216)  (565,216)  (630,166)  (630,182)  (597,231)  (581,231)  (550,200)  (645,198)  (645,214)  (645,230)  (629,232)  (613,232)  (549,222)  (646,174)  (659,246)  (597,247)  (661,203)  (661,219)  (643,248)  (627,248)  (675,235)  (666,262)  (611,263)  (677,219)  (650,264)  (634,264)  (657,280)  (641,280)  (625,280)  
Saverne  (670,359)  (677,343)  (686,359)  (681,375)  (665,375)  (693,333)  (702,349)  (702,365)  (709,322)  (718,338)  (718,354)  (718,370)  (725,322)  (734,338)  (741,321)  
Selestat  (702,480)  (714,496)  (718,465)  (730,481)  (730,497)  (714,512)  (731,513)  (734,458)  (715,528)  
Sonderheim  (974,179)  (990,166)  (990,182)  
South Baden Lorraine Provinz  (766,529)  (779,545)  (762,513)  (778,513)  (782,529)  (795,545)  (795,561)  (779,561)  (798,520)  (811,536)  (811,552)  
South Beanscon  (264,576)  (248,577)  (248,561)  (279,592)  (264,560)  (280,564)  (243,545)  (295,580)  (295,596)  (259,544)  (303,612)  (311,574)  (311,590)  (257,528)  (319,606)  (327,573)  (327,589)  (335,605)  (343,579)  
South Comte  (224,766)  (208,781)  (208,765)  (239,782)  (224,750)  (240,750)  (240,766)  (206,749)  (223,797)  (207,797)  (192,781)  (192,765)  (255,782)  (255,798)  (239,798)  (191,798)  (222,734)  (238,734)  (254,734)  (256,750)  (256,766)  (190,749)  (190,733)  (206,733)  (270,720)  (223,813)  (207,813)  (176,782)  (271,782)  (271,798)  (271,814)  (255,814)  (239,814)  (191,814)  (175,814)  (175,798)  (272,736)  (272,752)  (286,714)  (223,829)  (207,829)  (287,768)  (287,784)  (287,800)  (287,816)  (271,830)  (255,830)  (239,830)  (191,830)  (175,830)  (288,730)  (288,746)  (289,832)  (303,762)  (303,778)  (303,794)  (303,810)  (304,715)  (304,731)  (305,826)  (319,747)  (319,763)  (319,779)  (319,795)  (320,716)  (321,811)  (335,732)  (335,748)  (335,764)  (335,780)  (336,714)  (337,796)  (351,734)  (351,750)  (351,766)  
South East Federation territory  (593,25)  (577,40)  (608,41)  (589,9)  (605,9)  (609,25)  (621,0)  (624,41)  (625,16)  (637,0)  (640,32)  (640,48)  (641,16)  (653,0)  (656,32)  (656,48)  (657,16)  (669,0)  (672,32)  (672,48)  (673,16)  (685,0)  (689,16)  (701,0)  (717,0)  (733,2)  
South Heidenheim fields  (1235,236)  (1249,252)  (1251,235)  (1265,254)  (1281,260)  (1297,261)  
South Lautere  (834,327)  (850,315)  (850,331)  (854,347)  (866,318)  (870,334)  
South Pfalz  (783,188)  (767,187)  (783,172)  (799,172)  (799,188)  (765,171)  (749,182)  
South Pfalz fields  (866,242)  (873,226)  (882,242)  (889,217)  (898,233)  
South Rhine  (1122,471)  (1106,486)  (1106,470)  (1137,487)  (1122,455)  (1138,455)  (1138,471)  (1121,502)  (1105,502)  (1090,486)  (1090,470)  (1089,503)  (1131,439)  (1147,439)  (1154,455)  (1154,471)  (1163,436)  (1170,462)  
South Rhone Canal  (487,574)  (502,590)  (482,558)  (503,566)  (473,542)  
South Rossel  (491,197)  (492,181)  (507,197)  (508,213)  
South Stutt road  (991,340)  (1007,324)  (1007,340)  (1007,356)  (991,356)  (1023,323)  (994,372)  
South West Federation territory  (459,28)  (474,44)  (458,44)  (458,12)  (474,12)  (475,28)  (490,0)  (490,44)  (491,16)  (506,0)  (506,32)  (506,48)  (507,16)  (522,0)  (522,32)  (522,48)  (523,16)  (538,0)  (538,32)  (538,48)  (539,16)  (554,0)  (554,32)  (555,16)  
South West Pfalz  (706,136)  (721,152)  (705,152)  (722,135)  
Southwest Frie fields  (837,554)  (847,570)  (832,538)  (848,538)  (853,554)  (832,522)  (869,545)  
Speyer  (1042,13)  (1026,9)  (1057,29)  (1058,0)  (1073,16)  (1073,32)  (1074,0)  (1090,0)  (1106,1)  
St Die  (479,407)  (463,422)  (463,406)  (494,423)  (479,391)  (495,391)  (495,407)  (463,390)  (478,438)  (510,423)  (506,439)  (479,375)  (495,375)  (511,375)  (511,391)  (511,407)  (490,454)  (506,455)  (467,359)  (483,359)  (467,343)  
St Laurent  (418,823)  (426,807)  (434,823)  (442,799)  (450,815)  
Staffort  (1344,280)  (1328,268)  (1359,296)  (1343,296)  (1344,264)  (1360,264)  (1360,280)  (1375,296)  (1375,312)  (1359,312)  (1333,248)  (1349,248)  (1376,253)  (1376,269)  (1391,285)  (1391,301)  (1391,317)  (1392,265)  
Strasbourg  (722,420)  (737,436)  (721,436)  (717,404)  (733,404)  (738,420)  (749,393)  
Straszburg border sector  (762,431)  (768,415)  (778,431)  (784,409)  (794,425)  (794,441)  (775,393)  
Stupferich  (1300,422)  (1307,406)  (1316,422)  (1323,398)  (1325,438)  (1332,414)  (1308,382)  (1339,390)  (1341,430)  (1348,406)  (1364,397)  
Stuttensee  (1187,256)  (1202,272)  (1183,240)  (1199,240)  (1203,256)  (1218,272)  (1182,224)  (1198,224)  (1219,250)  
Stuttgart  (986,279)  (1001,295)  (985,263)  (1001,263)  (1002,279)  (1017,248)  (1017,295)  (999,247)  (1018,264)  (1033,280)  (1033,296)  (1034,253)  
Stuttgart Pfalz  (954,229)  (938,242)  (969,245)  (970,224)  (986,227)  
Swiss Border  (512,783)  (527,799)  (511,799)  (527,767)  (528,783)  (495,801)  (543,752)  (518,815)  (479,815)  (544,768)  (544,784)  (502,817)  (556,736)  (559,752)  (486,831)  (470,831)  (560,768)  (503,833)  (572,723)  (575,739)  (569,707)  (585,707)  (588,723)  (601,694)  (576,691)  (604,710)  (604,726)  (592,678)  (608,678)  
Swiss Rhine  (927,574)  (942,590)  (926,558)  (942,558)  (943,574)  (959,579)  
Swiss salient area  (1284,539)  (1268,534)  (1299,555)  (1283,555)  (1284,523)  (1300,523)  (1300,539)  (1315,555)  (1309,507)  (1316,523)  (1316,539)  (1325,501)  (1331,555)  (1332,517)  (1332,533)  (1341,497)  (1345,571)  (1347,549)  (1348,531)  (1361,565)  (1363,547)  (1377,563)  (1377,579)  
Thionville  (283,229)  (267,230)  (267,214)  (283,213)  (299,213)  (299,229)  (315,208)  (315,224)  
Tuttlingen  (1243,392)  (1258,408)  (1242,408)  (1236,376)  (1252,376)  (1259,392)  (1268,367)  (1274,408)  (1275,383)  (1291,389)  
Upper Canal Route  (541,363)  (552,379)  (539,347)  (555,347)  (557,363)  (546,331)  
Upper Meuse  (123,103)  (107,104)  (107,88)  (138,119)  (123,87)  (139,90)  (96,72)  (154,106)  (154,122)  (138,135)  (112,71)  
Upper Mosel  (225,9)  (241,0)  (241,16)  (257,0)  (257,16)  (273,0)  (273,16)  (274,32)  (290,21)  
Upper Saar  (367,13)  (351,28)  (351,12)  (382,29)  (383,0)  (335,36)  (335,20)  (335,4)  (398,16)  (398,32)  (399,0)  (319,34)  (319,18)  (319,2)  (414,16)  (414,32)  (415,0)  (430,16)  (430,32)  (431,0)  
Waldbronn  (1184,496)  (1168,511)  (1193,480)  (1200,496)  (1200,512)  (1209,471)  (1152,511)  (1216,487)  (1216,503)  (1208,455)  (1224,455)  (1225,471)  (1232,507)  
Weingarten  (900,110)  (900,126)  (916,101)  (931,84)  (932,100)  (945,116)  (947,78)  (948,94)  
West Baden Swiss border  (798,598)  (782,585)  (798,582)  (814,585)  (814,601)  
West Frie fields  (816,446)  (831,462)  (812,430)  (828,430)  (832,446)  (844,418)  (831,478)  (812,414)  (828,414)  (848,434)  
West North Border Region  (318,132)  (333,148)  (317,148)  (317,116)  (333,116)  (334,132)  (349,109)  (349,148)  (350,125)  (365,141)  (365,157)  (366,116)  (381,132)  (381,148)  (397,129)  (397,145)  
West Pfalz  (673,96)  (688,112)  (676,80)  (689,96)  (692,77)  (705,93)  (708,75)  
West Rhone Canal  (199,372)  (183,380)  (183,364)  (214,388)  (199,356)  (215,356)  (215,372)  (174,348)  (230,388)  (230,404)  (190,340)  (206,340)  (231,353)  (231,369)  (158,351)  (158,335)  (174,332)  (246,385)  (246,401)  (247,359)  (145,319)  (142,339)  (262,375)  (262,391)  (129,323)  
West Stutt road  (918,339)  (902,346)  (934,324)  (950,315)  (966,309)  
West Wingen Moder  (482,240)  (466,232)  (497,256)  (482,224)  (498,230)  (457,216)  (513,246)  (513,262)  (529,235)  (529,251)  (545,244)  
Wissembourg  (785,289)  (797,305)  (801,278)  (781,273)  (813,294)  (813,310)  (829,297)  
Worth  (917,202)  (932,218)  (933,194)  (949,203)  
